mjtNum: double, ntrial per row: 2000000

stress, double: all families, scale log-uniform in [1e-12, 1e12], 2000000 trials per family
rule       recon_max  offd_max it_avg  it_mx     ncap   iteration histogram (0..14, 15+)
rel(2 )      9.7e-15   1.5e-15   4.65    500      506   2537158 700689 5906050 1927119 700452 2177208 1051159 2399224 3649755 2383272 552333 14566 473 13 7 522
rel(4 )      9.7e-15   1.8e-15   4.59     10        0   2608998 703303 6069989 1848775 672979 2111324 1055672 2484180 3649715 2359486 435579 0 0 0 0 0
rel(8 )      9.9e-15   2.6e-15   4.54     10        0   2682896 705777 6183740 1811558 649813 2043927 1065517 2567964 3631018 2284022 373768 0 0 0 0 0
rel(16)      1.2e-14   4.2e-15   4.50     10        0   2758571 708791 6292366 1773631 627107 1978895 1079755 2652727 3608309 2205242 314606 0 0 0 0 0
rel(32)      1.5e-14   7.9e-15   4.45     10        0   2836685 711523 6397188 1735626 605126 1913722 1100216 2735900 3582406 2126128 255480 0 0 0 0 0

stress, float: all families, scale log-uniform in [1e-12, 1e12], 2000000 trials per family
rule       recon_max  offd_max it_avg  it_mx     ncap   iteration histogram (0..14, 15+)
rel(2 )      1.7e-06   7.9e-07   3.29    500     3996   5488343 783609 7560064 638590 372258 2181287 3263493 2641055 996552 65867 4297 391 86 42 16 4050
rel(4 )      1.8e-06   9.4e-07   3.14      9        0   5621927 786347 7592435 554415 406281 2409423 3280766 2495930 852448 28 0 0 0 0 0 0
rel(8 )      2.4e-06   1.4e-06   3.07      8        0   5758030 788772 7573313 513016 461042 2647572 3251204 2322340 684711 0 0 0 0 0 0 0
rel(16)      3.5e-06   2.4e-06   3.01      8        0   5895863 789534 7546947 477321 536093 2890055 3201256 2130930 532001 0 0 0 0 0 0 0
rel(32)      5.8e-06   4.3e-06   2.95      8        0   6035731 787172 7513033 448538 641715 3123748 3132906 1935621 381536 0 0 0 0 0 0 0
