mjtNum: double, ntrial per row: 500000

stress, double: all families, scale log-uniform in [1e-12, 1e12], 500000 trials per family
rule       recon_max  offd_max it_avg  it_mx     ncap   iteration histogram (0..14, 15+)
rel(2 )      9.7e-15   1.4e-15   4.65    500      133   634207 175611 1475753 481546 175561 544479 263108 600251 911698 596445 137470 3621 107 6 2 135
rel(4 )      9.7e-15   1.6e-15   4.59     10        0   652202 176261 1516807 461786 168701 528153 264272 621225 911724 590437 108432 0 0 0 0 0
rel(8 )      9.7e-15   2.5e-15   4.54     10        0   670809 176885 1544891 452709 162759 511381 266718 642093 907331 571551 92873 0 0 0 0 0
rel(16)      1.1e-14   4.1e-15   4.50     10        0   689794 177721 1571991 443244 157036 495161 270050 663252 902157 551290 78304 0 0 0 0 0
rel(32)      1.5e-14   7.6e-15   4.45     10        0   709334 178188 1598448 433531 151696 478785 275359 683744 895867 531538 63510 0 0 0 0 0

stress, float: all families, scale log-uniform in [1e-12, 1e12], 500000 trials per family
rule       recon_max  offd_max it_avg  it_mx     ncap   iteration histogram (0..14, 15+)
rel(2 )      1.7e-06   7.5e-07   3.29    500      985   1371518 196468 1889814 159989 93240 545484 815409 660987 248419 16455 1070 96 30 12 4 1005
rel(4 )      1.8e-06   8.9e-07   3.14      9        0   1405296 196898 1898068 138874 101767 602407 819534 624630 212525 1 0 0 0 0 0 0
rel(8 )      2.3e-06   1.4e-06   3.07      8        0   1439386 197372 1893337 128570 115366 661702 812460 581129 170678 0 0 0 0 0 0 0
rel(16)      3.4e-06   2.3e-06   3.01      8        0   1473665 197617 1886909 119523 134089 722463 800180 533032 132522 0 0 0 0 0 0 0
rel(32)      5.7e-06   4.2e-06   2.95      8        0   1508670 197178 1878312 112272 160419 780963 783290 484134 94762 0 0 0 0 0 0 0
