mjtNum: double, ntrial per row: 2000000

stress, double: all families, scale log-uniform in [1e-12, 1e12], 2000000 trials per family
rule       recon_max  offd_max it_avg  it_mx     ncap   iteration histogram (0..14, 15+)
rel(2 )      9.9e-15   1.8e-15   4.72    500     3481   2537143 700677 5897878 1933145 700996 2175922 1051137 2398892 3641195 2364579 567228 26296 1336 67 8 3501
rel(4 )      9.9e-15   1.9e-15   4.59    500        2   2609028 703258 6069799 1848817 673332 2111060 1055509 2484201 3649629 2358547 436809 9 0 0 0 2
rel(8 )      1.0e-14   2.6e-15   4.54     10        0   2682889 705759 6183717 1811457 649883 2044004 1065498 2567852 3631001 2284070 373870 0 0 0 0 0
rel(16)      1.2e-14   4.5e-15   4.50     10        0   2758576 708811 6292400 1773474 627358 1978703 1079781 2652805 3608222 2205175 314695 0 0 0 0 0
rel(32)      1.6e-14   7.8e-15   4.45     10        0   2836685 711515 6397134 1735673 605168 1913671 1100223 2735842 3582501 2126101 255487 0 0 0 0 0

stress, float: all families, scale log-uniform in [1e-12, 1e12], 2000000 trials per family
rule       recon_max  offd_max it_avg  it_mx     ncap   iteration histogram (0..14, 15+)
rel(2 )      1.8e-06   8.9e-07   3.48    500    12973   5488343 783609 7551059 645257 372869 2179122 3250016 2632769 983114 90621 8992 887 177 76 27 13062
rel(4 )      1.9e-06   1.1e-06   3.14    500       11   5621927 786347 7592348 554321 406419 2409210 3279927 2495715 853556 217 0 0 0 1 0 12
rel(8 )      2.3e-06   1.6e-06   3.07      8        0   5758030 788772 7573336 512987 461002 2647596 3250975 2321279 686023 0 0 0 0 0 0 0
rel(16)      3.5e-06   2.4e-06   3.01      8        0   5895863 789534 7546962 477276 536175 2889952 3201338 2130586 532314 0 0 0 0 0 0 0
rel(32)      5.8e-06   4.2e-06   2.95      8        0   6035731 787172 7513029 448517 641738 3123873 3132569 1935882 381489 0 0 0 0 0 0 0
